3.10
2.99
3.16
3.36
3.02
3.04
3.42
3.27
3.04
3.26
3.08
3.10
3.25
2.84
2.89
3.14
3.07
3.35
3.12
3.04
3.63
3.31
3.38
3.10
3.29
3.44
3.20
3.52
3.34
3.42
3.37
3.88
3.52
3.33
3.72
3.32
3.62
3.20
3.34
3.66
3.78
3.68
3.64
3.61
3.39
3.56
3.62
3.94
3.80
3.39
3.82
3.69
3.64
3.91
4.01
4.00
3.65
3.77
3.91
4.04
3.76
3.83
3.65
3.64
4.05
4.17
3.89
4.11
3.99
3.80
4.01
4.25
3.94
4.26
3.43
4.13
3.98
3.91
3.99
3.58
3.94
4.06
4.28
3.89
3.83
3.89
4.18
4.06
3.89
4.10
4.02
4.19
3.86
3.93
3.92
3.71
4.06
4.05
3.99
3.94
3.71
3.90
3.91
3.82
3.94
4.05
4.35
4.00
4.01
3.94
3.56
3.94
3.95
4.42
3.89
3.98
3.90
3.67
4.12
4.04
4.04
3.69
4.14
3.57
3.96
4.27
3.63
3.70
3.83
3.70
3.48
3.79
3.55
3.85
3.56
4.04
3.56
3.64
3.86
3.43
3.71
3.92
3.32
3.67
3.67
3.76
3.34
3.31
3.66
3.60
3.58
3.59
3.37
3.53
3.53
3.31
3.81
3.52
3.17
3.52
3.18
3.52
3.58
3.17
3.51
3.38
3.44
3.64
3.20
3.08
3.04
3.03
3.16
3.23
3.20
3.29
3.11
3.39
3.02
3.60
3.17
2.85
2.79
3.09
2.93
3.10
3.03
2.91
2.74
2.59
2.78
3.03
2.88
2.57
2.84
2.86
2.59
2.78
2.75
2.49
2.77
2.80
2.89
2.87
2.36
2.43
2.71
2.69
2.68
3.33
2.66
2.76
2.70
2.63
2.42
2.62
2.30
2.39
2.33
2.43
2.86
2.01
2.51
2.04
2.25
2.55
2.33
2.09
2.15
2.42
2.12
2.30
2.26
2.11
2.65
2.34
1.80
2.23
2.05
2.34
2.01
2.13
2.25
2.31
1.89
2.05
2.02
1.97
2.45
2.17
1.83
2.26
2.49
2.27
1.75
1.95
2.30
1.90
2.13
2.19
1.84
2.01
1.37
1.81
1.96
1.76
2.34
1.72
1.92
2.03
2.29
1.71
2.23
2.00
1.80
2.09
2.04
1.88
2.02
1.93
2.03
2.14
2.33
1.77
2.44
1.63
1.99
2.14
2.09
1.91
2.00
1.95
1.93
2.22
2.13
1.93
2.25
2.14
2.25
2.22
1.93
2.00
2.27
2.25
2.13
2.16
2.41
2.04
2.28
2.14
2.14
2.42
2.37
2.38
2.49
2.25
2.39
2.20
2.34
2.26
2.32
2.43
2.16
2.76
2.15
2.12
2.61
2.55
2.53
2.54
2.43
2.27
2.48
2.34
2.69
2.48
2.36
2.47
2.63
2.45
2.42
2.65
2.66
2.53
2.55
2.71
2.39
2.41
2.57
2.69
2.81
3.06
2.95
2.76
2.81
2.63
2.84
2.80
2.94
2.73
3.02
3.24
2.93
3.05
3.12
