3.56
3.96
3.47
4.34
3.35
3.96
4.09
4.27
3.40
3.95
4.06
3.76
3.99
3.63
3.51
3.88
3.78
4.28
3.46
3.54
4.60
4.23
4.00
3.83
3.79
3.87
3.83
4.07
4.05
3.77
4.36
4.87
4.31
4.00
4.23
4.19
4.40
3.62
4.28
4.54
4.75
4.49
4.37
4.21
4.34
4.46
3.95
4.25
4.37
4.26
4.81
4.10
4.36
4.48
4.99
4.89
4.54
4.40
4.50
4.54
4.10
4.74
4.52
4.64
5.05
4.86
4.73
5.08
4.89
4.27
4.62
4.64
4.91
4.99
3.89
4.90
4.72
4.46
4.37
4.35
4.60
4.90
4.95
4.78
4.52
4.59
5.09
4.65
4.29
4.42
4.85
4.93
4.65
4.38
4.32
4.02
4.60
4.76
4.57
4.55
4.64
4.45
4.57
4.67
4.52
4.79
5.25
4.96
4.41
4.89
4.21
4.42
4.57
5.41
4.53
4.51
4.65
4.14
4.48
4.43
4.43
4.10
4.54
4.32
4.39
4.82
4.56
4.34
4.59
4.12
3.91
4.12
3.97
4.34
3.98
4.40
3.95
4.26
4.30
3.99
4.37
4.70
3.65
4.53
4.41
4.12
4.25
4.25
4.01
4.10
4.45
4.41
3.79
3.98
4.09
3.95
4.55
4.08
3.79
4.35
3.51
4.00
4.38
4.09
4.16
4.05
3.82
4.26
3.87
3.55
3.52
3.60
3.48
3.76
3.65
3.82
3.50
4.31
3.74
4.38
4.02
3.50
3.16
3.76
3.64
3.92
3.64
3.30
3.23
3.14
3.53
3.73
3.43
3.56
3.56
3.33
2.96
3.19
3.22
2.90
3.21
3.30
3.31
3.79
2.72
3.10
3.30
3.68
3.06
3.91
3.64
3.66
3.58
3.11
2.84
3.39
3.25
3.08
3.03
2.92
3.70
2.44
3.04
2.63
2.91
3.02
2.71
2.82
2.65
3.13
2.53
2.94
2.93
2.44
3.19
2.74
2.14
3.22
2.58
3.21
2.48
2.91
3.08
3.03
2.52
2.64
2.56
2.92
3.33
3.15
2.22
3.07
3.45
2.70
2.10
2.77
3.00
2.79
2.52
3.04
2.28
2.43
1.79
2.68
2.73
2.43
2.89
2.63
2.49
2.90
2.90
2.28
2.86
2.51
2.63
2.74
2.50
2.81
2.59
2.61
2.96
2.88
2.71
2.72
3.18
2.16
2.39
3.00
2.82
2.58
2.92
2.80
2.34
2.74
2.61
2.75
2.58
2.84
3.08
3.13
2.47
2.87
2.64
3.14
2.52
2.74
3.26
2.45
2.74
2.94
2.95
3.17
3.16
3.06
2.97
2.79
2.82
3.14
3.05
2.84
2.94
3.40
2.57
3.47
2.80
2.85
2.92
3.46
3.48
3.24
3.22
3.21
3.27
2.75
3.39
3.20
2.95
3.29
3.59
3.40
3.03
3.03
3.65
3.42
2.94
3.65
3.30
3.08
3.28
3.26
3.15
3.59
3.81
3.07
3.34
3.21
3.52
3.75
3.49
3.27
3.83
3.85
3.38
3.66
3.52
